1, 9.285811424255371, 12.475504875183105, 405.5684509277344, 427.32977294921875, 4513.91455078125
2, 11.240311622619629, 13.145591735839844, 240.30970764160156, 264.69561767578125, 2750.8125
3, 9.707450866699219, 13.513798713684082, 142.0292510986328, 165.25050354003906, 1743.8446044921875
4, 8.332862854003906, 13.35253620147705, 87.04653930664062, 108.73193359375, 1169.6009521484375
5, 5.833070278167725, 14.016005516052246, 56.96993637084961, 76.81901550292969, 855.165283203125
6, 4.784576892852783, 14.088472366333008, 40.78755569458008, 59.660606384277344, 658.1246337890625
7, 3.386681079864502, 14.379103660583496, 29.642473220825195, 47.40825653076172, 531.0584716796875
8, 3.112748622894287, 14.270987510681152, 23.104660034179688, 40.48839569091797, 444.9844970703125
9, 1.9414736032485962, 15.959800720214844, 19.72707748413086, 37.62834930419922, 384.4714660644531
10, 1.4446542263031006, 14.621124267578125, 16.570913314819336, 32.63669204711914, 345.4693908691406
11, 0.8012374043464661, 13.206306457519531, 15.1557035446167, 29.163246154785156, 315.7992858886719
12, 0.6382205486297607, 12.969144821166992, 13.076870918273926, 26.684236526489258, 293.5130920410156
13, 0.7058615684509277, 13.13746452331543, 12.508295059204102, 26.351621627807617, 275.4932861328125
14, 0.5570412874221802, 11.45848274230957, 10.830475807189941, 22.84600067138672, 261.2623596191406
15, 0.6010180115699768, 12.71295166015625, 10.578164100646973, 23.892133712768555, 250.663818359375
16, 0.40747156739234924, 10.344820022583008, 9.511610984802246, 20.26390266418457, 237.40457153320312
17, 0.4514044225215912, 10.288764953613281, 9.091141700744629, 19.831310272216797, 232.58657836914062
18, 0.5850618481636047, 8.904703140258789, 8.526317596435547, 18.016082763671875, 218.55804443359375
19, 0.5528000593185425, 9.221612930297852, 7.93848180770874, 17.712894439697266, 216.74534606933594
20, 0.4025306701660156, 9.402298927307129, 7.624925136566162, 17.42975425720215, 205.72056579589844
21, 0.31799906492233276, 7.992501258850098, 7.384525775909424, 15.695026397705078, 203.8429718017578
22, 0.3901060223579407, 7.491352558135986, 6.885798931121826, 14.767257690429688, 198.43447875976562
23, 0.28563570976257324, 5.659609317779541, 6.591860294342041, 12.537105560302734, 198.21878051757812
24, 0.34893929958343506, 5.968449115753174, 6.0714898109436035, 12.388877868652344, 193.07894897460938
25, 0.3795093297958374, 5.1199140548706055, 6.0163893699646, 11.515812873840332, 189.08258056640625
26, 0.38716351985931396, 4.6263108253479, 5.614945888519287, 10.628419876098633, 188.79638671875
27, 0.29890087246894836, 3.5488524436950684, 5.486440181732178, 9.334193229675293, 189.33285522460938
28, 0.3240881562232971, 3.6132266521453857, 5.241455554962158, 9.178770065307617, 183.52728271484375
29, 0.36178526282310486, 2.970038890838623, 5.021808624267578, 8.353632926940918, 187.721923828125
30, 0.33156874775886536, 2.5003955364227295, 4.812677383422852, 7.644641876220703, 184.56166076660156
31, 0.3491746783256531, 2.516087532043457, 4.667301177978516, 7.532563209533691, 185.8525848388672
32, 0.32970768213272095, 2.136143207550049, 4.298160076141357, 6.764010906219482, 183.5589141845703
33, 0.31825050711631775, 1.9116942882537842, 4.230494022369385, 6.4604387283325195, 184.7264404296875
34, 0.2847650945186615, 2.0199949741363525, 3.8986387252807617, 6.203398704528809, 181.49276733398438
35, 0.28550782799720764, 1.6766561269760132, 3.7824618816375732, 5.744626045227051, 180.69224548339844
36, 0.2471752166748047, 1.5388197898864746, 3.6425974369049072, 5.428592681884766, 177.81826782226562
37, 0.23885990679264069, 1.5417702198028564, 3.5642645359039307, 5.3448944091796875, 173.54107666015625
38, 0.3610323369503021, 1.3758370876312256, 3.3536863327026367, 5.090555667877197, 177.10256958007812
39, 0.1982640027999878, 1.1343415975570679, 3.310360908508301, 4.642966270446777, 180.08065795898438
40, 0.29514336585998535, 0.9770910143852234, 3.1583445072174072, 4.43057918548584, 177.669677734375
41, 0.30810514092445374, 0.833034336566925, 3.0419039726257324, 4.183043479919434, 172.14398193359375
42, 0.2415788322687149, 1.1050511598587036, 2.953868865966797, 4.300498962402344, 167.56370544433594
43, 0.19990834593772888, 0.9758145213127136, 2.724318265914917, 3.900041103363037, 173.61676025390625
44, 0.3732970654964447, 0.8100144267082214, 2.6780686378479004, 3.861380100250244, 176.17742919921875
45, 0.2473675012588501, 0.7996568083763123, 2.4730849266052246, 3.520109176635742, 174.2315216064453
46, 0.4237303137779236, 0.6705980896949768, 2.4958739280700684, 3.5902023315429688, 166.3963623046875
47, 0.3284115493297577, 0.8566290736198425, 2.469454288482666, 3.6544947624206543, 159.9295654296875
48, 0.25121837854385376, 0.5578068494796753, 2.273456335067749, 3.082481622695923, 164.2095489501953
49, 0.2933877110481262, 0.6299929022789001, 2.2090601921081543, 3.1324408054351807, 165.9803009033203
50, 0.2593103051185608, 0.7160422205924988, 2.2045605182647705, 3.17991304397583, 163.95008850097656
51, 0.6021929979324341, 0.6940065026283264, 2.0258705615997314, 3.3220701217651367, 168.02578735351562
52, 0.1816580593585968, 0.44648319482803345, 1.9462850093841553, 2.5744261741638184, 166.97671508789062
53, 0.27374547719955444, 0.4665006101131439, 1.882744550704956, 2.622990608215332, 175.7981414794922
54, 0.20132187008857727, 0.4993216097354889, 1.9135332107543945, 2.6141767501831055, 168.30062866210938
55, 0.13121230900287628, 0.3331505060195923, 1.8097063302993774, 2.27406907081604, 158.26876831054688
56, 0.339397668838501, 0.419406533241272, 1.7858480215072632, 2.544652223587036, 158.53741455078125
57, 0.5881515145301819, 0.38274019956588745, 1.677704930305481, 2.64859676361084, 159.51400756835938
58, 0.18603500723838806, 0.35779085755348206, 1.6281509399414062, 2.1719768047332764, 155.095947265625
59, 0.21272382140159607, 0.48656755685806274, 1.6004358530044556, 2.299727201461792, 169.97109985351562
60, 0.2402832806110382, 0.4394199848175049, 1.6358388662338257, 2.315542221069336, 160.07864379882812
61, 0.747009813785553, 0.44944891333580017, 1.672581434249878, 2.869040012359619, 153.2744903564453
62, 0.4592677056789398, 0.45703497529029846, 1.5494900941848755, 2.465792655944824, 166.98690795898438
63, 0.3886125981807709, 0.36211591958999634, 1.4924553632736206, 2.2431838512420654, 161.2164306640625
64, 0.1966150552034378, 0.44371041655540466, 1.4365363121032715, 2.07686185836792, 167.21705627441406
65, 0.43140873312950134, 0.5771797895431519, 1.577436923980713, 2.5860254764556885, 173.2440185546875
66, 0.18215611577033997, 0.29299747943878174, 1.389531135559082, 1.8646847009658813, 175.32815551757812
67, 0.10729736089706421, 0.2861936688423157, 1.2971967458724976, 1.6906877756118774, 167.3094482421875
68, 0.18334946036338806, 0.25079408288002014, 1.300812005996704, 1.7349555492401123, 171.22293090820312
69, 0.1368960589170456, 0.3010793924331665, 1.272079348564148, 1.710054874420166, 162.1381072998047
70, 0.29698336124420166, 0.24880440533161163, 1.2216612100601196, 1.767448902130127, 157.28244018554688
71, 0.18695124983787537, 0.26866909861564636, 1.1824846267700195, 1.6381049156188965, 166.10101318359375
72, 0.09020283073186874, 0.2522444725036621, 1.1643825769424438, 1.506829857826233, 158.29037475585938
73, 0.09347230195999146, 0.2007964700460434, 1.183713436126709, 1.4779822826385498, 162.88262939453125
74, 0.14501087367534637, 0.23110416531562805, 1.1156606674194336, 1.4917757511138916, 164.50750732421875
75, 0.08523289114236832, 0.26063036918640137, 1.083014726638794, 1.4288779497146606, 162.69493103027344
